H.1v.v.257
258
268
282
286
302
304
311
H. V. v. 7
31
33

47‘

60

65-

77

81

87

121

131

133

H. VI. v. 37
38

47

52

58

61
64

67

74

102

115

120

134

135
Epigr. ἑ)
43

52

61
Frgm. 19
34

37

43

59

ise f.

p. 47 Fr . 103 p. 81
86 115 · 14; 102

76, 1 121 102

70 - 124 77

44 126 71
8;,1,Ο 129 92
29;·57 ‘⁸1⁴³ffffitmwu... 40
322..., . - ..Zsslmjg ‘.·· ν 9

107 167 δ’ 78

108 190 41

33 195 ²1< 53

107 206 35

59 215 82

86 218 60

105 243 90

86 252 b. 82

33 · 289 86

’ 86 290 42
86; 109 296 97
62 301 90
47 302 79·

78 309 97

79 312 86

' 34 336 81
, 36; 50 341 81
’ 87 348 32, 2
23 370 60

8⁰10,ss 233 ἓξ

37 465 53; 82

87 468 37

40 476 87

87 492 43

58 493 87

1ι; ι3; 703 107 507 8
83 524 69

105 537 99

50 549 82

16, 1 560 100

104 F13m. anon. 28 45

47 332 683 70

23; 86 Frgm. ap. Reitzst. 20 44
110 22 100

86 25 45

