Conspectus locorum.

H. Ι. v. 3 p. 50 Η. 111.v.90 p. 20
' - 4 76, 1 112 25
6 76, 1 117 50

10 82 133 26
14 80, l 143 66
16 105 146 30
34 55 150 23; 85
43 66 167 76
52 11; 28 178 103
53 56 197 80, 1
54 80, 1 200 87 ;. 105
55 50; 51,1; 91 ν 213 63
59 50 223 104
60 52 224 23; 85
62 50 230 85; 88
68 13 240 27
69 82; 85 242 57
70 sqq. 51 243 29; 90; 104

7 1 · 102 247 11
89 93 Η. IV. v. 3 . 23; 85
92 102 4 106
96 87 12 23; 85
Η. II. v. 5 46 14 23; 85
. 18 85 27 29
20 82, 1 37 80, 1
26 51 , 1 38 50
30 102 49 82
36 51, 1 59 47
37 103 78 106
43 102 79 sqq. 60
47 80, 1 80 95
53 94 104 76
60 84 sq. 134 30
65 24 135 85
70 101 159 105
76 10 165 51, 1
91 82 167 23
105 24 “ 171 51, 1
112 14 176 46
Η. 111.v. 7 102 179 104
10 103 206 105
27 95 207 104
30 95 211 85
41 85 215 86; 96
51 88 216 , 30
53 16, 1 220 50
59 105 225 86
61 15; 57 239 86
73 85 245 86

